Recognise Sinusoid and Square Wave
Epochs: 1000
Learning Rate: 0.01 
Number of Samples: 20
Input:
0.00, 0.38, 0.71, 0.92, 1.00, 0.92, 0.71, 0.38, 0.00, -0.38, -0.71, -0.92, -1.00, -0.92, -0.71, -0.38
0.00, 0.59, 0.95, 0.95, 0.59, 0.00, -0.59, -0.95, -0.95, -0.59, 0.00, 0.59, 0.95, 0.95, 0.59, 0.00
0.00, 0.20, 0.39, 0.59, 0.78, 0.92, 1.00, 0.92, 0.78, 0.59, 0.39, 0.20, 0.00, -0.20, -0.39, -0.59
0.00, 0.31, 0.59, 0.81, 0.95, 1.00, 0.95, 0.81, 0.59, 0.31, 0.00, -0.31, -0.59, -0.81, -0.95, -1.00
0.00, 0.78, 0.97, 0.43, -0.43, -0.97, -0.78, 0.00, 0.78, 0.97, 0.43, -0.43, -0.97, -0.78, 0.00, 0.78
0.00, 0.10, 0.20, 0.29, 0.39, 0.48, 0.57, 0.66, 0.75, 0.82, 0.89, 0.95, 1.00, 0.95, 0.89, 0.82
0.00, 0.83, 1.00, 0.83, 0.00, -0.83, -1.00, -0.83, 0.00, 0.83, 1.00, 0.83, 0.00, -0.83, -1.00, -0.83
0.00, 0.48, 0.87, 1.00, 0.87, 0.48, 0.00, -0.48, -0.87, -1.00, -0.87, -0.48, 0.00, 0.48, 0.87, 1.00
0.00, 0.95, 0.59, -0.59, -0.95, 0.00, 0.95, 0.59,-0.59, -0.95, 0.00, 0.95, 0.59, -0.59, -0.95, 0.00
0.00, 0.24, 0.47, 0.68, 0.84, 0.94, 0.98, 0.94,0.84, 0.68, 0.47, 0.24, 0.00, -0.24, -0.47, -0.68
0,0,0,0,1,1,1,1,1,1,1,1,0,0,0,0
0,0,1,1,1,1,1,0,0,0,0,0,0,0,0,0
1,1,1,1,0,0,0,0,1,1,1,1,0,0,0,0
0,1,0,1,0,1,0,1,0,1,0,1,0,1,0,1
1,1,1,1,1,1,0,0,0,0,0,0,1,1,1,1
0,0,0,1,1,1,1,1,1,1,1,0,0,0,0,0
1,1,0,0,1,1,0,0,1,1,0,0,1,1,0,0
0,0,0,0,0,1,1,1,1,1,0,0,0,0,0,0
1,0,1,0,1,0,1,0,1,0,1,0,1,0,1,0
0,1,1,1,0,0,1,1,0,0,1,1,0,0,1,1
Output:
0
0
0
0
0
0
0
0
0
0
1
1
1
1
1
1
1
1
1
1
Model: Conv1d(InChannels: 1, OutChannels: 8, Kernel: 3, Stride: 1, Padding: 1) -> ReLU -> Conv1d(InChannels: 8, OutChannels: 16, Kernel: 3, Stride: 1, Padding: 1) -> Linear (In: 128, Out: 32) -> ReLU -> Linear (In: 32, Out: 1)
