Predict House Prices - features: size, # bedrooms, age, distance from the centre
Epochs: 400
Learning Rate: 0.01
Number of Samples: 50

60 2 20 15
75 3 18 12
90 4 15 10
120 5 10 6
45 1 25 20
150 6 5 4
80 3 17 13
110 4 12 8
50 1 23 18
100 4 14 9
95 3 16 11
130 5 8 5
70 2 19 14
85 3 18 12
140 5 7 4
55 2 22 16
160 6 4 3
105 4 13 9
115 4 11 7
65 2 21 15
125 5 9 6
75 2 18 13
98 3 15 10
135 5 7 5
48 1 24 19
155 6 5 3
92 3 14 11
108 4 12 8
118 4 10 7
58 2 20 15
145 5 6 4
72 2 19 14
88 3 16 11
132 5 8 6
52 1 23 17
165 6 4 2
102 4 13 9
112 4 12 8
78 3 17 12
138 5 7 5
68 2 20 14
82 3 18 11
148 6 5 3
97 3 15 10
122 4 9 6
53 1 24 18
170 6 3 2
109 4 12 8
87 3 16 11
133 5 7 5

220
310
390
580
180
720
330
510
200
470
420
630
260
350
690
230
760
480
520
250
610
300
410
670
190
740
400
495
540
240
710
280
360
640
210
780
460
500
340
680
255
345
730
415
560
205
800
505
355
650